0
1
2
3
4
5
6
7
8
9
10
11
12
13
14
15
16
17
18
19
20
21
22
23
24
25
26
27
28
29
30
31
32
33
34
35
36
37
38
39
40
41
42
43
44
45
46

SF
0.00
0.63
1.25
1.88
2.51
3.13
3.76
4.39
5.01
5.64
6.27
6.89
7.52
8.15
8.77
9.40
10.03
10.65
11.28
11.91
12.53
13.16
13.79
14.41
15.04
15.67
16.29
16.92
17.55
18.17
18.80
19.43
20.05
20.68
21.31
21.93
22.56
23.19
23.81
24.44
25.07
25.69
26.32
26.95
27.57
28.20
28.83

THIDX
47
48
49
50
51
52
53
54
55
56
57
58
59
60
61
62
63
64
65
66
67
68
69
70
71
72
73
74
75
76
77
78
79
80
81
82
83
84
85
86
87
88
89
90
91
92
93

SF
29.45
30.08
30.71
31.33
31.96
32.59
33.21
33.84
34.47
35.09
35.72
36.35
36.97
37.60
38.23
38.85
39.48
40.11
40.73
41.36
41.99
42.61
43.24
43.87
44.49
45.12
45.75
46.37
47.00
47.63
48.25
48.88
49.51
50.13
50.76
51.39
52.01
52.64
53.27
53.89
54.52
55.15
55.77
56.40
57.03
57.65
58.28

THIDX
94
95
96
97
98
99
100
101
102
103
104
105
106
107
108
109
110
111
112
113
114
115
116
117
118
119
120
121
122
123
124
125
126
127
128
129
130
131
132
133
134
135
136
137
138
139
140

SF

THIDX

58.91
59.53
60.16
60.79
61.41
62.04
62.98
64.24
65.49
66.74
68.00
69.25
70.50
71.76
73.01
74.26
75.52
76.77
78.02
79.28
80.53
81.78
83.04
84.29
85.54
86.80
88.05
89.30
90.56
91.81
93.06
94.32
95.57
96.82
98.08
99.33
100.58
101.84
103.09
104.34
105.60
106.85
108.10
109.35
110.61
111.86
113.11

141
142
143
144
145
146
147
148
149
150
151
152
153
154
155
156
157
158
159
160
161
162
163
164
165
166
167
168
169
170
171
172
173
174
175
176
177
178
179
180
181
182
183
184
185
186
187

SF

THIDX

114.37
115.62
116.87
118.13
119.38
120.63
121.89
123.14
124.39
125.65
126.90
128.15
129.41
130.66
131.91
133.17
134.42
135.67
136.93
138.18
139.43
140.69
141.94
143.19
144.45
145.70
146.95
148.21
149.46
150.71
151.97
153.22
154.47
155.73
156.98
158.23
159.49
160.74
161.99
163.25
164.50
165.75
167.01
168.26
169.51
170.77
172.02

188
189
190
191
192
193
194
195
196
197
198
199
200
201
202
203
204
205
206
207
208
209
210
211
212
213
214
215
216
217
218
219
220
221
222
223
224
225
226
227
228
229
230
231
232
233
234

SF
173.27
174.53
175.78
177.03
178.29
179.54
180.79
182.05
183.30
184.55
185.81
187.06
188.31
189.57
190.82
192.07
193.33
194.58
195.83
197.09
198.34
199.59
200.85
202.10
203.35
204.61
205.86
207.11
208.37
209.62
210.87
212.13
213.38
214.63
215.89
217.14
218.39
219.65
220.90
222.15
223.41
224.66
225.91
227.17
228.42
229.67
230.93

THIDX
235
236
237
238
239
240
241
242
243
244
245
246
247
248
249
250
251
252
253
254
255

SF
232.18
233.43
234.69
235.94
237.19
238.45
239.70
240.95
242.21
243.46
244.71
245.97
247.22
248.47
249.73
250.98
252.23
253.49
254.74
255.99
255.99
